============================================================
Baseline (most frequent)
============================================================
              precision    recall  f1-score   support

          51     0.0000    0.0000    0.0000       238
          85     0.0000    0.0000    0.0000       255
          87     0.0000    0.0000    0.0000       246
          92     0.2084    1.0000    0.3450       257
         109     0.0000    0.0000    0.0000       237

    accuracy                         0.2084      1233
   macro avg     0.0417    0.2000    0.0690      1233
weighted avg     0.0434    0.2084    0.0719      1233


============================================================
Logistic Regression
============================================================
              precision    recall  f1-score   support

          51     0.1975    0.1303    0.1570       238
          85     0.2834    0.4078    0.3344       255
          87     0.1942    0.2195    0.2061       246
          92     0.1786    0.1556    0.1663       257
         109     0.2705    0.2363    0.2523       237

    accuracy                         0.2311      1233
   macro avg     0.2248    0.2299    0.2232      1233
weighted avg     0.2247    0.2311    0.2237      1233


============================================================
Decision Tree
============================================================
              precision    recall  f1-score   support

          51     0.1915    0.1891    0.1903       238
          85     0.2479    0.2314    0.2394       255
          87     0.2258    0.2276    0.2267       246
          92     0.2276    0.2179    0.2227       257
         109     0.1880    0.2110    0.1988       237

    accuracy                         0.2157      1233
   macro avg     0.2162    0.2154    0.2156      1233
weighted avg     0.2169    0.2157    0.2161      1233


============================================================
Random Forest
============================================================
              precision    recall  f1-score   support

          51     0.2263    0.1807    0.2009       238
          85     0.2614    0.3373    0.2945       255
          87     0.2414    0.2276    0.2343       246
          92     0.2244    0.2218    0.2231       257
         109     0.2632    0.2532    0.2581       237

    accuracy                         0.2449      1233
   macro avg     0.2433    0.2441    0.2422      1233
weighted avg     0.2433    0.2449    0.2425      1233


============================================================
SVM (RBF)
============================================================
              precision    recall  f1-score   support

          51     0.2013    0.1345    0.1612       238
          85     0.2597    0.3686    0.3047       255
          87     0.1890    0.1951    0.1920       246
          92     0.1964    0.2101    0.2030       257
         109     0.2623    0.2025    0.2286       237

    accuracy                         0.2238      1233
   macro avg     0.2217    0.2222    0.2179      1233
weighted avg     0.2216    0.2238    0.2187      1233


============================================================
k-NN (k=5)
============================================================
              precision    recall  f1-score   support

          51     0.2313    0.2857    0.2556       238
          85     0.2093    0.2471    0.2266       255
          87     0.2218    0.2154    0.2186       246
          92     0.1826    0.1556    0.1681       257
         109     0.2222    0.1688    0.1918       237

    accuracy                         0.2141      1233
   macro avg     0.2134    0.2145    0.2121      1233
weighted avg     0.2130    0.2141    0.2117      1233


============================================================
Gaussian Naive Bayes
============================================================
              precision    recall  f1-score   support

          51     0.0000    0.0000    0.0000       238
          85     0.0667    0.0039    0.0074       255
          87     0.1791    0.0488    0.0767       246
          92     0.2093    0.9066    0.3401       257
         109     0.2703    0.0422    0.0730       237

    accuracy                         0.2076      1233
   macro avg     0.1451    0.2003    0.0994      1233
weighted avg     0.1451    0.2076    0.1018      1233


============================================================
Neural Net (MLP)
============================================================
              precision    recall  f1-score   support

          51     0.2342    0.2185    0.2261       238
          85     0.2635    0.3255    0.2912       255
          87     0.2250    0.2195    0.2222       246
          92     0.1899    0.1751    0.1822       257
         109     0.2420    0.2236    0.2325       237

    accuracy                         0.2328      1233
   macro avg     0.2309    0.2324    0.2308      1233
weighted avg     0.2307    0.2328    0.2309      1233
